镇区,当日签约（套）,当日成交面积（㎡）,当日成交金额（万元）
东莞市樟木头镇,15,1326.57,1580.60
东莞市寮步镇,14,2371.53,1789.80
东莞市东城区,10,656.15,803.13
东莞市南城区,9,677.91,1261.00
东莞市塘厦镇,9,867.50,1239.60
东莞市常平镇,9,717.27,571.63
东莞市黄江镇,8,834.94,1157.00
东莞市大朗镇,7,394.96,634.75
东莞市万江区,6,831.97,657.78
东莞市虎门镇,6,832.21,1240.00
东莞市莞城区,5,580.60,701.60
东莞市大岭山镇,4,233.22,409.50
东莞市凤岗镇,4,346.07,580.00
东莞市清溪镇,4,367.95,515.00
东莞市横沥镇,3,246.70,179.50
东莞市企石镇,3,230.30,161.00
东莞市厚街镇,2,213.19,361.80
东莞市石龙镇,1,109.84,110.00
东莞市中堂镇,1,94.36,120.00
东莞市麻涌镇,1,73.22,100.00
东莞市石碣镇,1,94.83,75.80
东莞市道滘镇,1,177.49,15.00
东莞市洪梅镇,1,95.72,133.80
东莞市长安镇,1,956.86,100.00
东莞市谢岗镇,1,213.54,92.80
东莞市桥头镇,1,138.24,159.00
东莞市东坑镇,1,84.73,67.00
东莞市望牛墩镇,0,0.00,0.00
东莞市高埗镇,0,0.00,0.00
东莞市沙田镇,0,0.00,0.00
东莞市松山湖,0,0.00,0.00
东莞市石排镇,0,0.00,0.00
东莞市茶山镇,0,0.00,0.00
东莞市虎门港,0,0.00,0.00
东莞市生态产业园,0,0.00,0.00
